map:
  boundary: [
    # Bottom
    [ 
      [-27.32,  13.72, -05.15, -10.97,  12.36, -05.15 ],
      [-10.97,  12.36, -05.15, -10.37,  19.58, -05.15 ],
      [-10.37,  19.58, -05.15, -26.72,  20.95, -05.15 ],
      [-26.72,  20.95, -05.15, -27.32,  13.72, -05.15 ]
    ],
    # Top
    [
      [-27.32,  13.72,  -0.882, -26.72,  20.95,  -0.882 ],
      [-26.72,  20.95,  -0.882, -10.37,  19.58,  -0.882 ],
      [-10.37,  19.58,  -0.882, -10.97,  12.36,  -0.882 ],
      [-10.97,  12.36,  -0.882, -27.32,  13.72,  -0.882 ]
    ],
    # Sides
    [
      [-27.32,  13.72, -05.15, -26.72,  20.95, -05.15 ],
      [-26.72,  20.95, -05.15, -26.72,  20.95,  -0.882 ],
      [-26.72,  20.95,  -0.882, -27.32,  13.72,  -0.882 ],
      [-27.32,  13.72,  -0.882, -27.32,  13.72, -05.15 ]
    ],
    [
      [-10.97,  12.36, -05.15, -10.97,  12.36,  -0.882 ],
      [-10.97,  12.36,  -0.882, -10.37,  19.58,  -0.882 ],
      [-10.37,  19.58,  -0.882, -10.37,  19.58, -05.15 ],
      [-10.37,  19.58, -05.15, -10.97,  12.36, -05.15 ]
    ],
    [
      [-27.32,  13.72, -05.15, -27.32,  13.72,  -0.882 ],
      [-27.32,  13.72,  -0.882, -10.97,  12.36,  -0.882 ],
      [-10.97,  12.36,  -0.882, -10.97,  12.36, -05.15 ],
      [-10.97,  12.36, -05.15, -27.32,  13.72, -05.15 ]
    ],
    [
      [-26.72,  20.95, -05.15, -10.37,  19.58, -05.15 ],
      [-10.37,  19.58, -05.15, -10.37,  19.58,  -0.882 ],
      [-10.37,  19.58,  -0.882, -26.72,  20.95,  -0.882 ],
      [-26.72,  20.95,  -0.882, -26.72,  20.95, -05.15 ]
    ]
  ]
  
  obstacles: [
    [
      # Bottom
      [ 
        [ -19.84,14.35,-5.15,-19.50,18.34,-5.15 ],
        [ -19.50,18.34,-5.15,-21.50,18.50,-5.15 ],
        [ -21.50,18.50,-5.15,-21.83,14.52,-5.15 ],
        [ -21.83,14.52,-5.15,-19.84,14.35,-5.15 ]
      ],
      # Top
      [
        [ -19.84,14.35,-1.15,-21.83,14.52,-1.15 ],
        [ -21.83,14.52,-1.15,-21.50,18.50,-1.15 ],
        [ -21.50,18.50,-1.15,-19.50,18.34,-1.15 ],
        [ -19.50,18.34,-1.15,-19.84,14.35,-1.15 ]
      ],
      # Sides
      [
        [ -21.83,14.52,-5.15,-21.50,18.50,-5.15 ],
        [ -21.50,18.50,-5.15,-21.50,18.50,-1.15 ],
        [ -21.50,18.50,-1.15,-21.83,14.52,-1.15 ],
        [ -21.83,14.52,-1.15,-21.83,14.52,-5.15 ]
      ],
      [
        [ -19.84,14.35,-5.15,-19.84,14.35,-1.15 ],
        [ -19.84,14.35,-1.15,-19.50,18.34,-1.15 ],
        [ -19.50,18.34,-1.15,-19.50,18.34,-5.15 ],
        [ -19.50,18.34,-5.15,-19.84,14.35,-5.15 ]
      ],
      [
        [ -19.84,14.35,-5.15,-21.83,14.52,-5.15 ],
        [ -21.83,14.52,-5.15,-21.83,14.52,-1.15 ],
        [ -21.83,14.52,-1.15,-19.84,14.35,-1.15 ],
        [ -19.84,14.35,-1.15,-19.84,14.35,-5.15 ]
      ],
      [
        [ -19.50,18.34,-5.15,-19.50,18.34,-1.15 ],
        [ -19.50,18.34,-1.15,-21.50,18.50,-1.15 ],
        [ -21.50,18.50,-1.15,-21.50,18.50,-5.15 ],
        [ -21.50,18.50,-5.15,-19.50,18.34,-5.15 ]
      ]
    ],
    [
      # Bottom
      [ 
        [ -13.15,16.30,-2.65,-13.07,17.30,-2.65 ],
        [ -13.07,17.30,-2.65,-14.07,17.38,-2.65 ],
        [ -14.07,17.38,-2.65,-14.15,16.38,-2.65 ],
        [ -14.15,16.38,-2.65,-13.15,16.30,-2.65 ]
      ],
      # Top
      [
        [ -13.15,16.30,-1.65,-14.15,16.38,-1.65 ],
        [ -14.15,16.38,-1.65,-14.07,17.38,-1.65 ],
        [ -14.07,17.38,-1.65,-13.07,17.30,-1.65 ],
        [ -13.07,17.30,-1.65,-13.15,16.30,-1.65 ]
      ],
      # Sides
      [
        [ -14.15,16.38,-2.65,-14.07,17.38,-2.65 ],
        [ -14.07,17.38,-2.65,-14.07,17.38,-1.65 ],
        [ -14.07,17.38,-1.65,-14.15,16.38,-1.65 ],
        [ -14.15,16.38,-1.65,-14.15,16.38,-2.65 ]
      ],
      [
        [ -13.15,16.30,-2.65,-13.15,16.30,-1.65 ],
        [ -13.15,16.30,-1.65,-13.07,17.30,-1.65 ],
        [ -13.07,17.30,-1.65,-13.07,17.30,-2.65 ],
        [ -13.07,17.30,-2.65,-13.15,16.30,-2.65 ]
      ],
      [
        [ -13.15,16.30,-2.65,-14.15,16.38,-2.65 ],
        [ -14.15,16.38,-2.65,-14.15,16.38,-1.65 ],
        [ -14.15,16.38,-1.65,-13.15,16.30,-1.65 ],
        [ -13.15,16.30,-1.65,-13.15,16.30,-2.65 ]
      ],
      [
        [ -13.07,17.30,-2.65,-13.07,17.30,-1.65 ],
        [ -13.07,17.30,-1.65,-14.07,17.38,-1.65 ],
        [ -14.07,17.38,-1.65,-14.07,17.38,-2.65 ],
        [ -14.07,17.38,-2.65,-13.07,17.30,-2.65 ]
      ]
    ]
  ]